日付	始値	高値	安値	終値	出来高	調整後終値*
2021年12月21日	3,843  3,876 3,831 3,862
4,781,100
3,862 2021年12月20日	 3,882 3,891 3,812 3,812
6,927,800
3,812 2021年12月17日	 3,950
3,975
3,924
3,930
7,337,600
3,930
2021年12月16日	
3,945
3,955
3,925
3,948
4,791,400
3,948
2021年12月15日	
3,893
3,923
3,891
3,920
4,138,600
3,920
2021年12月14日	
3,870
3,895
3,861
3,893
4,343,800
3,893
2021年12月13日	
3,900
3,908
3,872
3,878
4,985,300
3,878
2021年12月10日	
3,923
3,928
3,863
3,864
6,373,200
3,864
2021年12月9日	
3,874
3,900
3,874
3,889
4,198,300
3,889
2021年12月8日	
3,917
3,953
3,899
3,905
7,654,700
3,905
2021年12月7日	
3,860
3,915
3,842
3,915
6,912,600
3,915
2021年12月6日	
3,820
3,850
3,811
3,840
4,329,000
3,840
2021年12月3日	
3,765
3,843
3,763
3,843
6,670,100
3,843
2021年12月2日	
3,710
3,764
3,707
3,763
6,103,800
3,763
2021年12月1日	
3,709
3,743
3,702
3,734
8,156,100
3,734
2021年11月30日	
3,805
3,822
3,703
3,703
13,109,400
3,703
2021年11月29日	
3,806
3,822
3,777
3,781
9,966,000
3,781
2021年11月26日	
3,915
3,918
3,863
3,878
6,500,700
3,878
2021年11月25日	
3,894
3,955
3,894
3,952
5,077,500
3,952
2021年11月24日	
3,883
3,941
3,879
3,904
8,237,300
3,904
